Haskell

before disinterned sctrict:

timings: [82,82,148128,152315,162184,172205,179434,191339,204826,219540,234119,262604,278299,298740,314645,332381,353720,369260,386306,408163,426842,475391,499039,517635,540339,559914,583953,609155,635402,697206,722554,742476,767079,793032,819291,845735,899727,899727,1479001]

after !dcaps':

[95,95,148347,152669,162515,172506,179571,191331,205018,219961,234616,262314,277999,298217,313830,331157,352752,368376,385266,407238,426202,473375,497201,515626,538259,557803,581575,606476,632439,692387,718020,737770,762492,788296,814062,840540,894404,929360,1539192]

also timing dictionary:

[52104,118663,145737,149923,159511,169712,177000,188928,202354,216753,231297,246576,275854,295669,311583,328988,349958,365453,382679,404530,422871,469469,492869,511482,534356,553409,577092,602380,627707,686880,712245,732348,756364,781852,807874,833671,887137,921642,1544392]
./sc t/dreps.int.hsb.zip t/dments.int.hsb.zip t/users.dic.hsb.zip dcapsT +RTS  1518.42s user 28.80s system 99% cpu 25:47.60 total


OCaml

timings: [7.188906;14.486797;55.850508;65.054109;74.018747;86.224891;99.732837;112.197942;139.490793;156.511206;172.112834;188.406357;205.535752;230.248996;255.927093;276.167015;297.227813;317.11779;337.4397;365.674408;398.02149;422.980696;447.794924;472.146222;495.763632;522.049635;558.960024;597.47317;622.165416;650.250146;678.663826;705.396762;732.532637;761.968163;805.226586;857.206684;876.689722;918.01344]
./sc.opt t/dreps.mlb t/dments.mlb dcapsT.mlb  884.02s user 35.98s system 99% cpu 15:29.13 total
